101
-1 1
2 3
-2 -3
3 0
49 48
92 981
502 235
1478 2355
-1247 45352
1235083 23592
90376304 -2459723
30469 28524
6023 20642
-1075389 398624
29627 29534
29876 46923
9704 37049
-370943 -48654
785475 40574
639245 -987904
-4   -4
-4   -3
-4   -2
-4   -1
-4   0
-4   1
-4   2
-4   3
-4   4
-3   -4
-3   -3
-3   -2
-3   -1
-3   0
-3   1
-3   2
-3   3
-3   4
-2   -4
-2   -3
-2   -2
-2   -1
-2   0
-2   1
-2   2
-2   3
-2   4
-1   -4
-1   -3
-1   -2
-1   -1
-1   0
-1   1
-1   2
-1   3
-1   4
0   -4
0   -3
0   -2
0   -1
0   0
0   1
0   2
0   3
0   4
1   -4
1   -3
1   -2
1   -1
1   0
1   1
1   2
1   3
1   4
2   -4
2   -3
2   -2
2   -1
2   0
2   1
2   2
2   3
2   4
3   -4
3   -3
3   -2
3   -1
3   0
3   1
3   2
3   3
3   4
4   -4
4   -3
4   -2
4   -1
4   0
4   1
4   2
4   3
4   4